93
222
681
365
730
287
897
1
678
861
665
495
184
956
335
284
998
818
209
881
433
941
532
396
836
293
212
360
181
983
350
50
884
933
87
788
781
114
720
325
513
935
835
710
204
310
110
919
142
727
899
971
713
717
688
859
843
924
862
42
429
695
797
398
697
745
999
137
462
162
864
608
282
918
708
58
863
223
854
49
489
276
980
809
607
69
821
388
837
292
188
585
828
183
913
535
224
234
457
186
227
624
671
883
910
648
245
193
932
423
543
699
764
754
786
239
921
544
815
272
450
587
571
907
136
474
667
689
89
210
593
949
133
597
323
279
252
936
606
660
601
784
796
18
264