971
365
730
162
983
231
360
181
335
666
184
287
933
565
227
676
571
99
913
299
540
841
1
495
829
93
114
663
999
815
942
142
73
254
952
546
785
204
233
828
749
993
720
713
285
947
106
951
941
25
113
593
186
754
330
837
276
836
884
441
222
758
453
996
292
998
994
104
651
567
843
802
606
37
691
406
47
188
459
865
617
158
601
747
577
535
462
650
770
512
883
409
911
652
976
657
854
688
159
278
483
759
41
492
609
452
272
211
917
556
153
562
638
79
470
310
695
415
183
888
124
953
703
282
816
77
133
659
689
849
112
544
268
135
681
212
891
413
746
194
573
812
291
931
72
958
842
948
618
969
797
936
351
696
160
762
27
61
927
566
388
513
984
174
189
125
239
639
632
822
286
671
979
793
729
701
959
127
818
669
261
935
582
806
465
262
14
44
796
699
628
667
789
819
938
207
575
331
481
297
956
748
356
772
223
139
532
416
763
967
910
813
154
115
201
243
414
193
925
909
859
726
624
203
908
263
687
800
267
510
944
534
325
352
810
750
788
574
100
152
191
805
608
435
226
767
309
674
130
266
543
542
630
429
870
16
581
50
855
858
479
642
721
860
279
457
852
117
405
