934
414
287
115
495
593
571
470
676
815
667
276
836
409
911
666
952
933
695
596
154
909
984
224
181
575
770
25
998
753
917
730
983
513
565
142
920
918
453
1
429
264
278
813
162
967
184
956
884
83
275
203
854
291
585
781
624
212
785
843
789
413
223
47
560
24
639
365
139
748
310
532
910
932
883
999
958
335
856
855
681
416
726
860
450
913
222
812
721
108
842
324
356
696
61
297
754
245
713
239
980
419
427
720
282
478
325
286
763
799
93
113
768
415
117
138
608
994
772
717
601
188
922
573
671
392
729
535
761
114
201
331
481
407
254
921
292
954
388
204
869
133
961
247
209
960
402
227
423
818
73
937
641
349
309
745
474
465
971
85
39
924
797
986
878
211
806
42
897
121
712
330
953
941
562
50
809
444
618
969
833
894
89
189
802
678
760
544
272
880
132
915
57
391
210
307
764
534
665
935
788
751
786
606
631
437
36
955
697
668
493
473
821
426
992
194
929
543
510
389
533
186
597
536
710
14
462
987
837
58
796
857
183
