365
943
596
770
883
224
917
495
830
513
698
608
984
395
960
212
730
14
970
254
1
429
494
571
113
717
335
546
713
50
106
812
681
695
324
620
191
601
268
749
881
284
884
0
557
485
616
222
204
781
560
453
669
45
854
562
310
947
583
959
802
162
624
585
139
92
325
828
81
913
473
400
799
593
688
413
933
444
999
937
114
423
416
282
25
142
90
716
983
674
465
882
474
434
992
328
468
649
38
798
42
980
809
543
969
848
39
618
292
841
441
678
760
920
796
870
887
195
247
388
110
200
706
244
966
818
359
245
941
670
720
859
209
117
322
708
272
821
402
565
993
689
898
710
671
538
61
921
300
935
636
888
103
971
138
24
606
