162
183
907
713
282
133
93
999
794
465
571
859
199
188
470
495
702
843
754
101
883
191
935
689
915
884
593
751
453
854
730
562
894
212
413
45
917
300
108
243
770
763
353
335
546
983
389
974
178
441
230
683
930
959
810
268
795
18
405
294
534
565
937
676
363
180
766
193
223
307
720
985
897
699
882
196
609
452
560
17
100
904
239
895
510
513
55
330
365
310
608
50
142
60
640
533
435
224
818
811
942
27
601
711
692
824
437
227
606
806
868
667
429
302
48
543
956
800
851
704
910
186
358
532
349
544
933
577
234
457
968
512
893
982
941
929
152
697
945
42
963
537
159
657
721
226
414
671
889
204
1
913
438
903
267
871
758
934
681
423
920
809
266
295
264
688
88
119
799
114
328
700
447
783
634
85
773
104
651
678
861
701
638
29
28
458
200
491
896
998
781
284
887
793
690
745
539
828
842
902
542
954
936
25
87
324
618
969
955
950
724
597
665
881
928
872
158
207
971
792
44
231
850
412
484
610
691
958
865
253
589
485
46
585
715
802
921
276
778
875
356
132
807
993
812
908
263
462
161
399
860
39
160
628
624
233
511
492
418
717
823
977
695
588
822
304
926
932
293
287
396
836
864
406
780
617
446
957
448
973
450
976
564
988
334
841
297
658
245
409
911
566
621
56
642
856
299
99
536
309
90
981
211
581
237
575
705
394
244
254
479
972
801
845
559
990
459
279
128
480
75
652
41
578
120
777
912
846
785
591
633
71
291
641
210
759
656
570
918
118
636
411
176
392
623
844
757
303
905
157
222
989
73
967
461
262
924
635
834
490
404
483
661
838
992
558
444
769
70
493
600
752
906
567
716
965
863
970
238
764
649
141
962
639
923
281
819
83
113
574
121
57
660
77
762
30
949
563
139
138
126
89
325
23
476
648
61
786
710
24
47
848
433
109
92
106
76
788
58
103
925
275
891
153
292
124
487
449
14
557
131
873
174
707
474
473
468
129
209
261
797
