292
131
689
839
196
162
948
20
717
362
681
730
365
485
1
139
624
883
566
809
984
975
585
14
969
254
268
468
114
212
579
330
407
774
310
688
618
463
231
852
223
153
446
77
262
267
176
562
76
335
884
474
971
933
966
428
891
440
999
284
174
881
495
453
61
513
935
983
279
671
821
601
701
707
608
934
487
720
282
614
441
27
593
409
911
133
636
73
204
400
986
305
565
360
695
939
543
793
952
941
546
582
272
756
68
84
37
812
766
110
712
781
802
848
599
429
556
444
808
799
222
894
982
42
811
780
186
947
300
749
325
534
795
18
609
452
460
188
536
710
913
209
907
713
191
882
854
532
610
435
729
606
652
130
459
467
264
245
392
437
224
388
595
893
953
804
814
642
703
126
677
937
253
589
127
917
662
691
238
473
156
928
859
87
142
906
856
103
535
544
761
961
621
112
818
494
683
930
978
23
925
307
995
104
651
113
788
786
124
427
597
250
283
71
991
910
924
792
674
236
89
564
680
457
450
239
706
576
39
567
958
959
560
993
106
411
159
843
401
160
762
834
871
960
866
141
998
577
850
281
658
512
765
193
676
901
